13
8
10
10
8
8
10
8
8
4
8
8
11
7
10
8
8
9
8
8
8
8
8
8
4
13
8
9
9
11
8
8
8
8
8
7
8
8
8
9
8
8
8
8
5
4
8
8
8
8
4
8
8
8
8
8
9
8
8
8
9
8
8
7
9
6
8
8
11
8
8
11
8
8
10
8
8
8
3
8
8
8
8
12
10
7
8
10
10
3
8
10
8
8
8
8
7
8
7
8
8
8
8
8
9
8
8
8
8
8
8
8
4
8
8
8
8
9
8
8
8
8
8
7
8
8
8
8
7
10
9
9
8
8
10
9
8
4
8
10
7
7
7
8
8
9
9
8
4
4
8
4
10
10
9
10
4
8
8
8
8
9
9
8
10
8
10
4
8
10
8
8
10
4
3
8
7
8
8
8
10
5
8
3
7
7
7
6
8
4
6
8
8
8
8
12
8
8
8
4
8
8
8
8
7
8
8
6
8
10
10
8
9
8
9
8
8
8
9
8
8
8
8
11
8
7
4
9
4
8
8
10
8
9
4
4
4
7
8
6
4
4
11
7
5
11
8
8
4
8
7
7
8
8
7
7
9
8
8
9
4
4
9
8
13
8
7
4
8
8
8
4
8
6
4
5
10
14
9
8
10
7
9
4
9
6
12
10
9
7
9
4
6
8
11
6
9
8
11
4
10
8
4
3
8
10
8
8
4
8
9
4
12
6
8
5
9
5
10
8
8
4
10
7
11
10
5
8
4
6
10
4
9
12
9
7
10
4
8
8
8
7
9
4
11
11
8
9
8
10
8
10
9
8
8
4
8
0
13
8
5
9
8
8
10
8
0
9
4
11
4
12
10
10
6
8
9
4
5
5
4
9
8
10
9
5
10
1
2
4
8
11
7
10
13
8
5
11
7
5
8
10
4
4
6
10
8
12
4
4
11
5
8
10
8
10
11
10
11
11
10
4
12
11
10
8
8
4
11
4
12
4
3
4
10
10
8
5
9
10
4
9
4
8
9
5
4
5
8
10
8
10
4
4
7
10
8
8
9
4
8
4
9
8
4
9
11
10
10
4
10
4
4
4
8
10
11
10
5
11
0
10
8
13
6
4
10
4
11
10
4
8
10
4
8
4
5
4
9
4
8
4
10
11
4
6
4
8
4
4
8
8
4
10
9
8
12
8
4
11
10
4
8
8
8
0
9
9
8
4
8
4
11
4
4
9
2
2
2
2
2
1
4
3
4
3
1
0
2
2
1
2
3
4
3
2
2
2
9
10
19
18
1
2
2
2
2
3
2
3
15
15
3
4
4
3
2
1
2
2
9
10
5
4
2
4
2
4
3
2
1
3
2
1
2
2
8
7
2
3
1
3
1
2
3
2
4
2
0
1
3
2
2
2
0
3
4
1
3
3
12
8
3
2
16
17
2
3
2
6
2
0
4
2
1
2
2
2
2
4
3
3
4
2
6
4
1
1
1
4
2
4
2
2
0
2
2
2
10
10
4
4
18
19
33
30
14
8
14
15
18
15
19
19
21
20
23
23
32
30
46
45
27
9
9
7
12
9
22
17
0
2
11
12
3
2
2
4
2
4
4
2
18
17
9
7
18
17
26
25
33
32
30
27
17
14
20
16
20
17
6
4
4
4
18
17
32
35
17
19
7
10
2
2
3
1
5
3
4
4
4
2
12
12
4
6
3
4
3
4
2
1
4
2
2
1
10
10
2
4
1
2
14
14
12
14
1
2
2
4
2
2
4
2
1
2
4
3
3
4
2
3
8
7
16
16
20
20
2
2
2
3
9
9
2
2
3
2
10
7
4
4
1
1
14
11
23
20
25
24
15
16
6
4
10
10
16
16
16
14
20
19
2
2
5
3
6
8
3
2
4
2
17
16
2
2
0
1
2
4
2
2
2
4
14
15
18
20
6
10
4
2
2
2
2
4
3
2
10
10
2
2
16
16
14
15
0
2
1
1
2
4
4
2
2
2
2
0
2
4
2
2
2
2
4
2
4
4
1
4
2
2
2
2
1
1
4
1
2
4
6
8
3
4
17
18
0
2
2
2
18
20
15
14
1
2
2
2
1
3
2
4
2
3
2
2
1
2
12
12
14
14
3
4
16
18
23
23
8
10
12
14
2
2
4
4
2
2
13
12
28
25
42
41
45
46
35
32
15
13
0
2
6
8
2
0
2
4
10
10
16
15
2
4
2
5
14
16
2
3
2
3
3
4
2
2
4
2
2
2
4
4
4
4
2
2
14
11
29
26
8
4
2
4
2
4
2
1
16
14
7
4
4
4
14
13
6
6
3
4
16
17
10
10
21
22
14
12
2
3
2
0
2
2
5
6
2
2
2
2
2
2
4
2
4
2
14
11
2
4
4
3
6
6
18
17
1
0
2
2
10
6
18
15
28
28
11
2
1
1
13
16
2
4
6
8
15
15
25
28
10
2
2
1
12
10
6
6
6
6
2
2
4
2
1
4
13
18
24
28
22
25
16
19
2
4
16
18
2
6
4
4
2
2
8
6
9
8
1
1
2
2
14
13
10
10
10
8
11
9
3
2
2
2
0
2
4
4
2
2
2
4
10
12
20
19
14
15
17
16
0
2
2
4
1
1
1
4
2
1
4
2
2
4
4
3
11
8
16
19
26
26
9
2
2
4
2
2
2
2
2
4
1
1
2
4
3
4
2
0
2
2
11
9
16
15
2
2
1
2
2
2
2
4
2
3
2
2
1
0
4
2
2
2
2
2
2
0
18
15
3
0
2
1
8
6
22
19
19
18
27
23
27
25
16
11
4
2
2
2
2
2
11
9
2
1
2
0
14
12
3
3
15
14
2
4
2
3
1
3
4
4
6
6
2
4
2
4
15
16
26
26
32
32
48
49
49
50
33
18
21
21
4
2
1
1
1
0
1
2
4
4
12
10
11
13
3
4
2
0
2
4
2
4
4
2
1
4
4
4
2
3
1
0
2
2
4
3
2
4
4
2
4
4
3
2
2
4
18
18
22
20
21
20
4
4
2
2
3
4
1
4
2
3
3
4
4
4
2
4
16
16
18
18
31
32
31
30
14
3
8
8
2
3
2
2
2
2
1
3
10
11
2
2
5
1
2
2
2
4
2
4
4
4
2
4
2
1
4
2
4
4
4
2
4
4
8
7
1
1
2
4
3
4
4
4
2
1
4
2
3
4
4
2
2
2
9
6
4
3
3
3
1
4
4
4
4
4
2
1
17
14
3
2
4
3
4
4
8
8
1
3
10
8
4
3
4
2
12
11
16
15
0
3
2
2
3
2
4
4
2
2
14
13
23
24
6
6
4
4
1
3
14
15
6
6
18
21
4
2
19
18
0
3
4
4
3
1
2
2
4
4
4
2
3
4
2
4
3
2
2
2
4
2
6
3
1
3
3
2
4
4
7
8
4
6
4
4
15
13
0
3
2
2
4
4
0
2
13
13
0
2
4
3
4
2
11
10
3
2
1
1
12
12
13
14
11
9
1
4
2
2
2
4
2
1
4
2
4
2
2
4
2
3
3
1
4
2
3
2
10
10
7
6
4
3
4
4
18
18
2
3
12
10
4
3
16
15
21
20
28
28
22
21
27
25
8
8
14
14
1
2
4
4
14
13
1
4
13
16
0
2
3
4
2
4
4
4
2
3
10
8
17
16
28
26
28
28
42
40
45
42
25
13
18
18
35
36
19
19
35
34
29
29
29
28
19
19
30
29
21
20
18
17
1
1
1
4
3
2
2
1
4
2
4
2
1
1
4
3
9
11
2
4
3
1
4
4
6
7
1
2
2
2
0
2
2
3
2
4
9
10
4
3
19
19
1
2
4
3
3
2
4
5
4
4
15
15
16
15
1
2
2
4
14
16
3
6
4
4
3
4
3
1
4
4
3
3
12
11
9
10
16
14
19
18
0
2
3
2
1
2
10
8
16
15
24
22
7
5
2
4
10
9
2
2
5
6
2
3
8
6
4
2
3
4
2
4
3
6
4
2
17
17
10
10
1
2
4
2
2
2
4
2
4
2
1
3
2
5
1
4
8
10
3
3
3
2
8
8
20
17
34
32
46
45
44
40
22
17
1
1
2
4
4
2
4
3
3
2
14
12
1
2
1
1
10
10
1
3
2
2
1
3
3
4
6
6
1
4
3
4
4
2
4
4
4
2
2
3
4
3
2
1
2
3
3
3
15
14
31
30
44
44
45
42
26
25
10
12
2
2
3
4
2
2
2
1
4
4
4
3
1
2
4
3
3
3
3
1
5
2
3
2
2
2
14
16
23
25
13
14
3
0
2
3
2
3
5
3
4
3
2
3
4
6
6
9
3
2
3
4
4
3
2
4
4
2
1
1
2
1
3
4
4
5
4
4
13
14
3
4
17
18
31
33
16
16
22
24
25
25
30
29
12
4
2
3
4
3
3
1
4
3
6
4
2
4
10
14
3
2
2
2
4
4
2
2
3
6
12
12
17
17
17
16
0
1
15
16
2
2
2
2
4
3
14
17
1
2
0
2
2
2
3
2
6
4
2
3
2
2
4
2
1
1
2
2
10
10
2
2
3
6
2
2
18
17
2
1
2
4
4
2
2
2
10
9
22
21
4
2
2
4
1
1
8
8
20
19
2
3
3
3
2
5
3
4
1
2
1
4
2
2
4
4
1
1
2
3
10
10
4
3
18
17
18
16
3
3
2
4
12
14
15
18
13
15
2
5
4
2
4
2
15
13
19
14
0
0
4
4
15
15
29
28
43
44
43
43
51
53
37
37
21
12
1
3
5
3
1
0
3
2
2
2
4
4
12
13
1
2
1
4
3
6
9
12
2
4
8
7
4
2
1
4
2
4
1
2
8
8
18
17
11
11
4
2
11
12
1
1
2
4
2
3
2
2
2
2
2
2
2
2
2
2
16
17
3
6
11
13
0
2
12
13
1
2
4
8
1
4
0
2
2
2
4
3
2
2
0
2
2
3
3
1
11
11
2
2
2
2
17
15
0
3
3
2
2
3
2
2
2
3
0
2
6
7
18
18
19
19
7
8
18
19
2
2
3
2
3
4
2
3
2
1
2
3
2
1
4
3
13
11
7
9
2
0
2
0
3
3
6
4
2
1
4
4
11
10
25
24
6
2
12
11
4
3
18
19
15
15
1
2
8
7
10
9
8
8
11
9
2
2
2
2
3
5
3
1
12
8
2
3
9
12
1
3
2
3
2
2
2
2
2
1
10
10
11
11
4
2
15
13
7
6
2
3
0
2
15
15
4
2
16
14
21
19
26
23
5
2
3
2
3
0
0
2
3
4
0
2
2
2
2
2
2
2
9
6
16
16
17
17
1
2
2
3
3
2
2
1
2
2
