4
4
5
3
4
4
19
18
2
4
8
8
4
3
16
14
3
4
2
2
4
2
3
3
2
4
4
4
4
4
1
4
4
4
4
2
9
8
4
4
4
5
4
4
2
4
3
4
1
2
4
4
16
17
27
29
30
30
24
24
7
4
4
1
2
2
2
1
3
3
4
4
2
4
2
4
8
12
3
4
2
2
2
3
6
8
21
23
31
33
35
37
22
16
14
14
2
3
2
2
4
4
0
2
2
4
14
16
2
5
15
16
3
2
2
4
1
2
4
2
3
0
2
1
4
4
2
2
15
14
0
2
3
2
1
3
5
6
5
8
20
21
24
24
21
23
15
16
29
29
29
31
17
20
3
2
2
0
3
2
2
2
1
2
6
4
21
19
35
33
42
42
24
13
10
10
3
3
2
2
16
15
0
1
12
11
23
21
30
29
42
40
42
40
23
22
36
35
49
47
61
60
66
66
69
68
50
45
58
56
39
36
48
46
49
49
33
34
17
16
0
5
2
2
4
2
2
4
5
11
1
4
2
2
4
0
4
2
4
2
2
2
3
3
4
2
4
4
10
8
4
3
2
3
3
2
14
15
18
18
0
2
7
7
2
2
3
2
2
2
2
1
3
4
2
1
4
2
4
2
14
13
22
20
13
14
31
30
14
6
4
1
2
4
2
2
8
8
2
2
2
2
8
10
2
2
18
16
1
4
2
4
2
4
2
3
2
2
4
4
18
18
13
15
23
20
3
1
2
2
4
2
2
1
18
17
1
2
1
1
2
4
8
12
9
12
10
11
3
2
2
1
2
2
2
2
4
2
2
2
2
2
3
4
4
2
3
3
3
2
2
3
13
15
0
0
4
2
2
3
4
4
3
2
1
2
2
2
4
0
5
5
4
2
18
17
24
23
7
7
2
3
10
14
21
23
17
18
0
2
2
2
2
0
8
9
2
2
2
2
0
0
4
4
0
2
4
1
16
13
11
7
2
4
12
16
2
1
3
0
3
1
7
3
4
2
2
2
2
2
2
1
12
13
3
2
1
2
2
2
3
3
1
2
10
11
3
2
16
14
0
2
4
2
2
4
9
14
21
23
25
27
34
35
47
49
31
36
30
33
43
47
37
39
46
47
36
41
35
39
38
41
26
11
4
7
2
6
12
14
24
26
27
32
43
47
46
48
32
37
30
34
19
3
14
16
2
4
2
2
4
4
4
6
9
12
3
6
1
1
5
4
4
1
4
1
1
3
3
0
2
2
17
20
12
14
19
22
4
8
12
16
18
19
2
1
3
2
4
4
13
15
2
4
2
2
2
1
12
13
5
6
4
1
2
4
0
3
2
2
10
13
1
2
16
16
18
18
12
13
9
12
4
2
4
1
4
2
4
2
4
2
1
2
12
11
1
2
1
0
2
0
16
15
8
6
6
5
2
1
2
2
5
1
2
0
2
1
2
4
2
2
3
2
0
2
14
14
15
16
28
28
26
26
18
18
19
19
2
2
2
2
1
4
1
3
4
2
9
8
26
24
8
2
1
2
4
3
4
1
8
6
4
2
3
1
1
2
13
14
12
12
6
5
2
1
4
4
8
8
12
11
10
11
4
1
4
3
3
1
4
4
4
4
4
2
2
4
12
10
14
14
3
3
2
2
12
12
17
14
16
14
5
6
1
2
4
4
16
15
27
26
42
42
24
15
24
23
6
6
6
7
4
4
2
2
6
6
8
8
2
4
4
2
4
2
1
4
2
3
2
2
1
2
4
3
2
4
2
2
11
12
6
6
4
4
4
4
4
4
4
4
12
12
2
1
2
1
6
4
4
4
2
2
6
6
1
4
4
4
2
2
16
19
1
3
7
6
4
2
3
2
6
4
4
4
2
2
2
3
2
2
1
4
4
4
4
3
5
6
2
2
2
4
1
1
2
4
12
12
19
19
12
14
2
2
3
3
3
2
8
7
1
2
4
2
2
4
3
3
5
7
6
5
17
18
0
1
1
4
15
15
3
4
3
4
4
3
16
15
26
25
25
23
7
5
14
15
2
3
4
4
3
4
4
3
2
3
3
1
2
3
3
4
3
2
2
1
4
3
4
5
4
7
6
8
3
3
14
12
1
2
17
15
12
11
5
6
4
2
4
3
4
2
4
1
12
11
2
3
2
3
2
3
2
2
10
9
3
3
3
2
1
4
3
3
18
20
2
3
3
1
1
3
2
2
3
4
3
3
3
3
5
5
2
1
9
10
25
24
12
11
21
22
22
22
4
3
2
3
2
1
3
3
3
4
1
1
2
4
3
2
3
4
2
2
1
4
3
4
16
17
1
3
3
3
3
2
14
14
4
4
15
14
8
6
4
4
11
11
2
4
1
1
12
11
16
17
2
4
4
4
4
4
11
13
2
3
2
2
6
8
3
5
1
2
9
8
18
16
0
2
4
3
11
9
3
2
1
3
2
4
4
3
14
14
3
4
6
5
2
2
2
2
2
3
12
11
1
3
14
14
2
2
4
5
1
2
3
2
3
2
2
3
3
3
4
4
9
9
3
2
11
8
3
2
2
3
2
2
3
2
3
2
3
4
4
2
2
2
1
2
1
1
14
15
0
1
14
15
23
22
33
34
16
10
1
2
16
17
12
13
2
3
3
2
7
7
1
4
7
9
21
21
3
2
4
4
3
3
13
13
2
3
2
3
4
3
6
7
15
14
19
19
1
3
1
3
4
3
8
7
1
2
3
3
3
4
7
8
3
1
15
16
13
14
1
4
3
2
3
2
4
3
15
16
1
1
15
13
27
29
11
2
2
4
3
2
2
3
2
4
4
1
3
4
3
3
13
14
3
2
13
13
1
2
12
13
1
3
3
4
6
8
16
18
6
7
3
1
1
3
3
2
4
1
4
3
1
2
2
4
14
14
1
2
2
2
2
4
3
4
16
17
2
2
4
2
12
14
2
2
1
3
2
4
3
4
4
6
4
2
10
8
2
1
16
16
28
28
14
13
16
14
2
0
4
4
1
2
2
2
4
2
2
2
4
2
15
17
9
8
16
16
0
2
2
2
9
8
1
3
3
2
4
2
2
2
3
4
0
2
2
2
3
1
2
4
2
2
2
3
10
10
14
15
7
8
18
20
13
13
5
7
3
2
2
2
8
8
1
2
2
2
11
9
3
3
4
2
2
3
4
2
2
4
2
2
2
2
17
19
33
35
45
47
35
34
48
48
30
27
31
30
14
7
3
2
2
3
3
4
1
2
2
2
10
10
1
3
3
2
12
11
23
22
4
2
1
2
3
2
4
2
2
2
3
4
2
3
2
2
15
16
12
9
3
2
7
10
2
1
7
5
4
3
17
15
17
17
5
5
2
3
1
0
13
11
2
0
8
7
3
2
2
2
2
2
1
2
2
2
4
2
4
2
2
2
4
2
2
3
3
2
4
1
3
4
4
5
2
3
4
4
17
18
7
6
1
2
4
1
2
2
3
4
2
3
15
15
5
6
2
1
4
3
3
2
17
14
2
4
5
6
3
3
1
3
2
2
4
1
0
2
14
15
13
13
9
9
1
2
2
3
2
1
3
4
1
1
2
1
4
2
2
2
1
2
5
6
4
4
15
13
10
10
11
12
2
3
2
3
3
2
4
1
16
14
2
2
4
1
1
3
17
18
1
2
3
1
4
2
2
4
3
3
3
3
4
4
1
1
3
3
4
3
4
3
2
3
8
9
17
16
2
4
16
17
14
15
10
10
11
11
1
4
3
2
9
9
2
2
4
3
7
7
16
15
3
2
2
2
4
2
8
4
3
3
3
3
2
2
2
2
3
4
1
2
2
1
1
3
1
1
5
6
5
6
18
19
23
24
37
37
36
36
18
1
3
2
3
1
9
8
9
8
3
4
4
3
2
4
4
4
4
2
1
2
1
2
4
3
2
3
3
3
2
3
17
16
16
15
9
7
2
2
3
2
15
14
2
2
4
4
2
3
2
3
2
1
2
2
2
2
13
12
11
9
1
3
8
10
3
2
1
4
2
5
4
2
2
2
7
6
3
3
4
1
7
5
3
4
4
4
4
1
3
4
10
10
17
15
28
26
23
22
4
3
2
3
3
3
5
6
2
1
9
9
3
4
16
16
1
1
2
2
3
3
4
1
3
2
2
1
1
2
3
2
3
3
5
6
3
4
3
2
3
2
13
14
27
28
10
3
4
3
4
2
4
3
14
14
2
2
3
2
3
2
3
2
3
4
4
2
17
16
28
27
31
31
16
8
3
2
1
4
16
17
30
32
28
30
37
37
32
32
25
25
38
39
43
44
54
53
35
36
45
47
29
31
41
41
47
49
31
32
33
35
17
11
2
3
3
3
4
3
1
1
3
4
12
12
3
3
14
13
19
17
16
15
0
2
6
5
18
19
14
13
22
20
2
1
3
2
11
10
13
12
3
2
3
3
4
4
2
1
12
13
3
4
2
2
2
3
2
3
9
8
19
20
2
1
1
1
6
5
2
2
3
3
2
4
8
10
18
21
25
29
18
21
18
21
3
4
3
2
10
10
1
2
3
1
3
3
4
3
7
7
2
4
3
3
3
3
4
0
2
3
4
3
2
4
11
13
3
2
2
2
2
3
15
15
0
3
2
1
12
12
2
3
4
3
4
3
9
10
3
4
5
6
1
2
2
3
3
4
16
15
5
5
3
2
2
4
8
10
3
3
2
3
4
4
2
3
17
16
3
3
0
2
4
2
4
2
4
2
2
3
4
2
5
4
1
3
12
13
2
3
6
7
3
4
19
17
12
11
4
3
2
2
4
3
3
2
3
3
12
13
14
12
18
18
1
3
6
5
3
4
3
1
16
15
3
4
1
3
3
1
11
11
3
1
9
8
21
20
25
23
7
8
2
2
9
9
6
5
2
2
15
13
1
2
4
3
1
2
2
1
3
2
14
13
8
8
6
4
3
3
3
2
11
9
6
6
5
5
2
4
10
9
15
17
2
6
18
18
0
2
1
4
2
2
3
3
1
2
1
3
1
1
2
4
3
3
3
3
11
13
4
3
11
11
2
2
4
2
11
9
20
17
1
3
18
17
29
26
35
32
22
21
21
19
25
23
30
28
11
9
5
5
8
7
14
12
3
2
3
3
2
2
1
3
4
1
2
2
11
9
11
10
18
16
19
19
1
2
3
2
4
3
3
3
1
1
7
8
7
9
6
8
19
20
22
23
12
13
13
15
18
19
14
15
26
27
37
38
20
7
3
3
0
2
3
2
3
1
5
5
2
1
5
3
13
14
12
11
2
3
2
3
14
17
29
30
14
16
28
29
29
30
29
29
11
7
7
8
1
1
2
1
2
2
1
2
3
4
3
3
7
9
4
3
9
10
3
2
3
3
3
1
13
15
5
5
3
3
10
9
10
10
15
14
2
4
7
8
3
1
1
3
2
3
4
2
0
2
3
4
3
1
3
3
3
2
14
15
9
10
2
2
4
4
4
3
4
2
10
7
3
2
1
1
4
3
2
3
8
7
3
2
2
3
2
2
3
1
2
2
3
2
2
2
4
1
3
1
11
11
19
18
24
24
23
22
4
1
3
3
3
3
3
3
1
1
3
2
2
2
2
2
6
6
6
6
3
1
11
12
1
1
2
4
14
14
6
8
6
8
15
17
2
2
3
1
3
4
2
1
9
10
1
2
3
2
12
12
1
2
9
10
2
3
2
2
15
17
6
5
14
13
11
9
18
20
12
12
2
3
2
3
4
2
2
2
8
8
19
20
19
18
20
21
10
12
9
9
2
2
3
4
1
2
3
3
1
2
2
3
5
6
8
10
2
1
11
11
22
21
18
17
30
31
43
42
47
48
56
55
37
23
5
3
4
1
11
7
2
3
16
17
6
6
4
2
3
2
1
2
3
3
6
8
3
3
3
1
1
2
14
15
18
18
2
3
7
6
3
3
1
3
15
16
0
1
3
3
3
2
3
2
3
3
4
2
4
2
10
9
2
3
2
3
2
2
11
11
10
9
2
3
15
17
14
15
0
3
3
2
3
3
3
4
2
2
2
3
4
2
15
12
7
4
2
1
2
2
4
3
1
2
3
1
18
15
25
23
26
24
35
34
32
30
12
11
3
2
13
12
3
4
2
2
3
2
17
13
3
2
15
14
0
1
2
2
2
3
2
4
14
15
0
2
3
3
12
13
2
2
3
2
15
15
0
2
3
2
1
2
1
2
3
2
2
2
3
3
14
12
8
7
21
21
22
20
14
13
3
2
3
2
3
1
7
5
3
2
8
7
3
1
3
4
9
9
6
7
3
2
2
2
6
4
3
1
9
6
4
3
4
2
3
3
2
2
3
2
3
2
3
4
16
16
23
24
6
6
14
14
0
2
2
3
2
3
2
3
3
1
2
2
3
2
8
5
3
3
4
3
3
2
13
13
18
