3
3
2
3
2
3
2
1
3
2
3
3
2
1
3
2
2
1
12
11
7
8
1
2
1
1
2
3
6
7
4
2
5
4
3
2
1
1
10
9
17
17
15
17
1
2
3
3
7
3
15
13
3
3
2
2
3
1
3
2
2
3
13
13
21
19
7
7
4
2
11
10
19
18
2
1
3
3
2
1
13
11
24
22
4
3
3
3
3
3
11
11
3
2
3
2
4
5
2
1
2
4
3
3
7
7
1
3
1
2
8
8
8
10
19
21
10
11
16
17
1
2
15
14
2
1
3
3
2
3
4
5
3
4
2
3
3
1
4
3
2
1
2
2
3
1
1
1
2
2
3
2
6
4
3
3
2
1
2
2
14
15
7
7
3
5
2
4
3
0
3
3
1
1
3
2
2
2
2
2
2
2
2
2
2
2
2
3
14
16
22
23
6
7
3
3
3
0
3
2
1
1
1
2
3
2
1
2
4
3
3
5
2
2
0
2
2
1
7
6
14
14
4
3
3
1
3
3
1
1
3
1
1
1
3
1
1
0
1
2
16
17
11
10
3
2
15
13
2
3
4
4
3
2
3
2
2
2
9
7
4
1
3
1
1
4
2
3
7
7
3
3
7
8
2
1
2
2
1
2
2
2
1
3
13
14
9
11
2
2
2
4
3
1
1
1
9
9
18
17
25
24
37
37
29
28
10
10
8
8
6
7
10
10
17
19
7
7
4
2
10
8
3
3
3
2
3
2
3
4
17
16
28
29
11
11
20
18
8
6
4
2
1
2
2
3
3
3
13
13
3
3
3
1
3
2
15
18
20
22
31
33
32
33
42
43
25
22
30
30
12
2
2
3
1
2
1
3
2
2
2
1
5
5
18
20
21
20
6
6
17
15
1
2
2
2
2
4
1
1
1
2
7
8
21
21
27
27
9
3
2
3
1
3
1
1
3
3
2
2
3
3
1
1
1
1
1
1
1
1
12
13
3
3
7
7
2
2
3
3
3
2
4
3
5
5
2
2
1
1
2
2
2
3
2
4
8
8
19
19
1
4
12
14
25
27
16
15
14
15
2
3
9
9
22
22
4
1
3
2
6
6
4
3
3
2
3
2
2
1
3
1
2
4
2
2
11
9
1
2
2
3
1
2
3
3
3
4
1
1
4
3
3
3
1
2
2
1
11
11
16
15
1
3
9
10
9
12
2
3
0
1
2
3
13
14
1
1
3
3
2
3
3
3
2
3
4
2
2
1
3
1
3
2
4
2
4
4
0
1
13
12
20
19
31
29
19
18
14
14
1
1
4
2
2
2
3
2
4
2
2
2
1
2
4
3
4
4
2
1
1
3
15
16
18
18
19
21
20
21
13
14
1
1
2
1
2
1
3
2
2
2
3
1
10
11
2
2
2
2
14
14
15
15
9
9
2
2
10
10
4
2
12
12
1
3
11
13
18
18
2
2
2
2
4
4
4
4
2
2
2
2
3
3
2
2
2
4
1
3
3
3
3
1
15
15
1
2
2
0
2
3
4
2
1
4
7
7
11
13
2
1
3
1
2
2
2
2
2
3
3
4
4
1
5
5
4
2
3
4
4
2
2
2
0
2
1
2
2
2
4
1
4
2
2
3
1
2
2
3
3
3
1
1
3
3
1
1
11
11
3
2
2
2
4
1
1
1
5
5
3
1
2
3
3
1
2
3
14
16
0
2
6
5
2
1
2
3
8
7
3
1
3
3
1
1
17
16
26
26
9
10
2
2
2
2
3
2
12
10
11
11
3
2
3
3
3
2
1
2
3
3
11
13
7
8
2
2
2
2
16
16
0
2
7
5
17
17
1
0
1
2
3
1
1
1
10
11
3
3
14
15
1
1
2
2
2
3
2
3
3
3
1
2
2
3
2
2
1
3
3
2
3
1
2
3
12
15
2
2
5
5
4
3
2
1
1
1
12
12
5
5
1
2
2
3
1
4
1
3
8
10
3
3
3
1
16
15
22
22
5
5
3
3
4
3
12
12
21
20
13
12
17
17
0
4
6
9
1
2
2
2
3
1
11
11
25
24
19
19
10
11
23
22
4
3
15
16
4
2
10
7
11
7
3
1
3
3
3
3
3
1
3
3
1
1
2
2
4
2
0
1
3
2
2
2
3
1
8
7
2
4
13
15
3
2
3
4
3
1
7
7
14
13
3
2
1
1
8
9
2
4
14
14
17
19
11
13
3
3
2
2
2
2
4
2
2
2
1
3
7
6
1
1
1
3
3
1
3
3
1
3
1
1
1
3
2
3
1
2
2
3
8
8
0
2
3
2
3
3
1
2
3
2
4
1
2
2
1
4
1
3
2
2
16
20
2
0
4
2
2
2
1
2
14
14
13
14
0
2
1
2
3
1
2
2
10
10
3
2
0
2
15
18
21
22
6
8
8
10
2
6
18
20
5
2
16
15
0
2
2
4
14
18
21
21
4
0
3
2
1
0
2
4
2
4
2
4
2
2
10
13
26
24
8
9
1
0
2
2
2
2
2
2
1
2
2
2
4
2
16
13
4
2
4
1
2
0
2
4
2
1
14
12
1
0
16
16
8
7
1
4
18
16
0
2
17
16
1
2
4
0
8
8
3
2
2
2
4
4
2
4
2
2
2
2
2
2
0
2
15
15
21
18
17
15
15
15
0
2
16
15
11
11
18
20
3
7
4
5
7
8
4
2
2
3
1
0
8
6
2
2
2
4
14
17
4
2
2
2
8
9
4
4
12
14
10
13
11
14
8
10
2
1
12
11
2
4
4
2
2
0
12
14
7
6
10
9
2
2
2
2
3
0
2
2
4
2
0
0
4
2
16
18
11
14
12
13
3
4
2
3
0
1
2
2
4
4
4
8
4
1
2
0
3
2
2
4
1
4
0
2
4
0
4
2
9
7
2
0
14
16
3
0
4
0
8
6
20
14
25
19
30
24
7
1
12
9
22
19
16
13
15
11
2
4
2
2
2
2
6
7
4
2
2
4
4
2
2
3
8
8
2
2
6
4
3
2
2
4
3
4
12
14
19
18
24
29
12
3
5
1
0
2
16
14
3
0
3
4
2
2
2
2
4
3
2
2
0
4
4
1
0
2
14
16
23
22
14
15
10
10
2
4
2
3
16
18
0
0
2
4
10
8
24
23
18
16
0
2
2
4
2
2
15
13
2
2
0
2
3
2
4
2
1
2
3
3
2
2
2
2
2
2
8
8
8
9
0
2
0
1
0
4
4
2
1
3
2
0
0
0
2
2
10
13
4
2
5
4
4
2
5
2
2
4
1
1
3
2
1
3
2
3
2
4
1
2
7
6
14
13
4
1
4
1
2
1
2
1
2
3
2
3
1
4
2
3
12
14
1
0
2
3
2
1
2
2
10
13
8
9
9
9
1
4
0
2
21
17
0
2
16
16
24
23
35
33
22
24
26
24
27
25
10
3
6
4
2
3
0
3
1
1
4
2
14
12
4
2
0
2
10
7
2
2
4
1
2
2
7
10
2
2
0
2
2
2
2
0
2
0
4
5
1
0
4
2
6
5
2
0
14
12
2
0
4
2
2
1
0
2
2
2
2
4
4
2
14
12
2
3
2
2
8
8
4
3
2
0
10
10
14
18
18
20
4
2
0
2
10
9
2
3
10
12
0
4
14
18
0
2
13
15
13
14
9
11
15
15
5
7
2
2
3
5
3
1
2
2
1
5
3
2
2
2
2
0
4
1
0
0
9
11
4
3
14
6
24
18
34
28
42
37
20
19
6
4
0
4
10
13
3
2
0
0
2
4
11
13
14
16
0
2
12
14
0
2
2
1
2
2
12
11
6
8
11
16
25
29
24
28
12
15
14
15
1
4
4
1
0
2
2
2
0
2
3
4
2
2
2
2
16
18
2
4
2
3
2
2
12
10
25
24
38
39
39
39
45
44
43
41
42
41
48
48
46
47
57
57
54
55
62
64
78
78
79
82
93
93
76
77
83
83
68
72
69
71
70
72
54
37
21
8
19
22
28
32
34
41
48
52
36
41
22
22
30
35
18
21
14
20
4
2
6
2
0
3
14
15
0
0
0
4
2
3
2
2
1
2
2
2
2
0
2
4
2
4
0
0
10
12
0
2
2
2
0
2
14
14
13
13
0
2
4
2
12
9
2
2
2
0
14
13
8
8
12
11
0
0
4
2
11
5
0
2
0
4
12
13
2
1
0
4
2
0
0
2
2
4
2
2
4
3
8
4
0
2
2
0
1
0
1
4
0
4
2
4
12
10
0
2
0
4
2
5
12
13
0
4
2
2
2
4
2
0
4
0
0
3
2
2
4
4
22
24
25
28
37
40
24
15
22
27
24
32
34
40
44
48
30
27
31
39
22
3
4
2
1
2
3
3
0
2
4
6
0
2
8
11
25
23
5
2
8
2
8
2
2
2
13
10
2
0
2
4
2
2
0
3
18
19
23
25
32
33
32
35
17
8
2
0
2
1
16
12
2
4
14
14
1
0
2
0
4
2
16
14
27
25
22
20
3
0
1
2
0
2
2
1
1
0
0
2
2
4
3
4
2
0
2
2
2
4
10
14
26
27
17
21
4
0
2
4
0
2
4
2
8
6
2
0
0
2
4
0
6
4
1
2
1
0
2
2
0
2
2
2
4
2
16
15
3
1
2
2
4
3
4
2
4
2
4
2
4
3
2
2
2
2
3
0
2
3
2
2
11
10
19
19
6
6
3
1
2
0
2
0
1
1
2
2
2
3
4
1
2
2
2
2
2
2
8
10
2
2
2
2
0
2
0
2
2
4
16
17
3
4
2
0
5
5
2
2
6
4
8
9
28
25
15
12
16
12
23
17
37
35
16
18
12
10
4
2
2
2
2
3
4
2
3
2
6
6
2
2
10
12
24
23
31
31
14
8
2
2
4
2
2
2
6
6
14
16
20
22
25
26
9
3
2
2
0
2
4
4
10
12
0
2
19
15
8
6
2
2
1
4
19
17
2
0
2
2
4
2
2
3
5
3
2
0
0
1
2
2
8
8
4
1
4
0
8
7
3
0
4
0
2
2
2
4
2
5
2
2
1
2
1
2
2
2
0
2
0
0
2
2
4
4
6
5
20
16
0
0
3
0
2
4
6
6
2
2
2
2
2
2
0
2
2
1
2
2
12
12
12
12
19
20
3
0
4
2
10
6
0
2
7
7
2
2
2
0
0
0
6
7
2
2
1
1
2
4
16
16
2
0
1
4
2
2
14
11
2
2
0
4
14
18
26
26
10
8
2
0
10
10
2
1
4
4
2
2
2
4
2
2
2
4
2
2
16
14
18
15
3
4
2
2
2
3
2
2
2
4
18
18
26
23
6
6
4
2
13
8
24
19
26
26
15
17
23
23
17
15
29
25
7
9
18
21
15
20
2
2
4
2
1
2
2
0
4
6
2
3
2
2
10
11
5
2
20
14
31
27
17
13
2
2
2
4
4
0
2
2
15
16
24
21
11
11
8
7
2
2
0
2
2
2
14
12
22
23
7
0
14
13
6
5
0
2
8
8
20
17
22
18
2
0
1
3
4
3
2
3
6
6
8
14
20
22
23
23
5
2
4
2
2
2
2
2
0
4
9
14
1
0
2
2
2
2
2
0
10
9
19
19
2
0
0
0
4
2
10
8
1
2
4
2
2
0
0
2
2
2
11
11
2
4
12
13
0
2
6
6
0
1
6
6
22
20
4
2
0
3
0
2
2
2
0
0
2
0
2
2
4
6
24
19
30
29
32
30
23
22
4
2
18
14
2
2
0
4
2
2
2
2
0
2
4
7
3
2
18
14
0
0
3
2
2
2
3
2
8
11
3
3
1
1
3
0
2
1
0
0
2
2
10
11
2
2
4
4
2
0
13
15
24
26
18
16
23
20
2
4
14
11
3
2
2
2
0
2
2
2
6
4
1
2
2
2
0
2
4
2
10
10
4
2
10
6
1
0
1
2
0
3
2
1
7
6
3
0
4
3
3
4
2
2
18
14
2
2
1
2
2
2
2
0
6
4
4
2
14
13
10
8
16
10
12
9
2
2
2
2
2
3
11
10
2
0
2
3
2
3
4
3
2
3
10
9
5
4
2
2
1
3
3
3
1
2
2
4
2
2
3
3
17
17
13
13
11
12
23
23
37
37
39
41
25
24
7
5
4
4
2
1
2
2
2
3
2
4
2
2
0
2
3
2
3
2
13
13
0
2
2
2
2
4
2
1
2
2
2
3
4
1
2
3
2
2
3
1
2
2
1
1
1
3
1
1
2
3
2
2
3
1
14
13
2
1
12
13
4
4
1
1
1
3
3
4
3
2
2
2
4
1
2
1
11
10
14
13
26
27
19
19
17
18
0
1
10
10
3
4
5
7
2
2
3
2
3
1
1
3
3
2
1
1
0
2
2
2
0
3
2
4
1
3
0
1
3
1
2
2
1
1
16
14
3
1
0
2
3
1
2
4
3
7
