4
4
4
4
3
4
4
4
2
3
5
4
4
3
4
3
2
4
4
4
3
3
4
2
4
3
4
2
4
4
2
3
2
4
2
4
3
3
14
14
23
24
31
31
13
7
4
4
9
10
8
8
4
4
5
4
4
4
2
2
5
4
4
2
1
2
2
4
4
2
12
9
4
4
3
4
4
2
4
5
3
5
2
4
4
3
1
2
4
6
4
3
3
4
12
11
17
17
0
4
7
6
1
1
2
3
1
2
1
2
7
8
2
3
2
4
2
2
1
2
5
7
5
2
18
14
4
2
2
4
7
8
3
5
17
19
12
14
21
23
30
32
22
26
33
36
19
22
29
31
15
16
12
13
3
2
2
2
4
4
2
2
10
13
0
4
4
3
16
15
18
18
15
15
25
26
29
27
32
29
11
3
9
11
10
8
2
3
3
2
6
4
4
6
4
4
2
4
3
1
4
2
2
3
2
3
11
15
0
2
15
17
2
2
14
11
3
1
6
1
18
15
27
23
30
29
39
38
42
40
59
55
48
46
62
59
60
57
47
45
57
52
44
40
39
36
24
21
29
29
23
20
20
19
1
4
15
15
4
4
5
6
18
18
14
15
21
22
23
25
27
28
11
7
2
2
4
1
4
2
12
10
2
4
3
3
3
2
2
2
2
0
10
10
3
2
3
2
8
6
2
0
2
2
1
0
0
2
17
17
18
16
26
29
12
6
0
2
2
1
10
7
0
1
2
2
3
4
4
4
2
4
6
9
2
4
2
4
17
19
1
2
17
16
2
2
2
2
2
2
4
2
4
2
10
8
11
8
5
2
10
10
15
14
1
5
4
6
10
12
2
2
8
8
2
2
2
4
4
4
10
10
2
3
3
2
2
0
2
2
2
0
3
2
2
4
1
2
11
14
26
28
21
24
7
0
3
3
2
2
2
3
14
13
2
2
14
12
0
2
2
2
2
2
2
0
14
13
10
8
26
25
41
40
23
14
10
9
18
16
1
2
15
16
26
25
8
4
2
2
4
4
0
4
6
10
3
1
14
12
1
2
2
2
1
2
1
0
16
16
0
1
5
6
10
12
17
19
23
25
25
27
19
20
4
6
2
1
2
2
2
2
8
9
13
14
1
2
2
4
2
2
2
2
4
2
1
4
12
14
1
0
1
4
14
13
2
2
3
2
8
6
4
2
2
2
5
6
0
1
12
11
13
9
2
2
10
12
8
9
19
18
2
2
2
2
1
2
0
1
4
2
2
2
8
8
2
2
9
8
2
2
2
2
2
2
4
2
2
2
17
16
4
4
0
2
4
0
2
2
2
3
6
4
2
0
2
0
2
0
4
1
4
4
14
14
0
1
2
2
2
2
3
1
2
2
2
2
2
4
2
2
4
6
7
10
5
7
14
16
3
3
3
4
0
2
4
6
1
2
4
4
2
1
4
4
10
12
12
13
2
4
2
4
2
4
4
4
2
2
17
20
2
3
4
2
4
3
15
15
28
30
36
35
44
43
26
13
1
1
1
1
2
2
3
3
4
4
2
2
3
4
6
6
2
2
4
4
4
4
2
2
4
2
6
4
18
16
24
23
16
15
26
23
24
25
18
16
33
32
44
42
41
37
19
1
3
3
7
7
2
1
3
3
1
3
3
3
2
3
2
2
2
2
1
3
10
10
23
25
19
19
2
1
3
3
2
4
4
2
14
14
0
3
7
10
12
13
3
4
1
2
3
4
14
13
2
2
4
4
9
7
2
2
12
13
0
2
2
2
11
12
8
9
4
6
2
3
3
4
4
2
2
4
8
10
3
1
3
1
4
4
2
4
4
4
4
2
3
1
2
4
4
4
12
11
1
2
3
2
4
4
2
2
14
11
3
2
2
4
2
1
4
2
16
15
10
8
22
22
34
34
33
32
25
23
8
10
14
13
28
27
11
4
3
4
2
4
16
16
3
6
8
10
15
16
1
4
9
12
6
6
1
3
8
8
2
4
8
10
4
4
4
4
3
4
16
16
8
9
3
3
18
17
0
2
1
4
2
2
14
16
2
2
2
2
4
4
4
3
2
4
1
4
4
4
3
3
2
2
4
2
0
4
4
4
1
1
4
3
4
2
18
17
1
3
1
3
1
2
3
3
4
4
14
13
4
4
5
6
1
2
2
4
4
4
2
3
1
1
2
1
6
5
4
2
8
8
1
1
8
7
4
4
3
2
4
2
4
3
3
2
0
4
4
2
4
2
1
2
2
2
8
9
2
2
8
6
4
2
3
4
6
6
16
16
15
15
10
12
15
18
1
4
13
14
1
2
4
4
8
6
11
11
9
9
25
23
8
8
2
2
4
2
2
1
2
2
3
6
1
1
8
6
2
2
13
15
2
1
8
3
2
4
2
4
7
8
1
2
14
13
22
22
27
27
18
18
25
24
6
2
2
2
3
2
2
4
2
2
15
14
2
4
1
0
0
4
2
2
4
4
2
4
10
10
20
16
0
4
2
4
2
4
12
14
10
12
18
19
2
1
2
4
1
0
4
4
2
4
2
3
8
6
2
4
17
19
1
4
6
8
10
10
0
2
2
2
2
4
2
4
12
10
3
4
16
15
17
18
28
26
41
38
25
22
31
29
11
8
8
6
10
9
22
19
2
2
14
14
22
21
4
7
1
3
6
8
2
4
14
15
1
6
6
8
4
4
2
1
11
8
2
4
3
3
2
4
14
16
11
12
7
10
4
5
2
1
2
4
14
16
1
4
18
17
18
21
2
3
17
18
1
2
2
2
4
3
0
4
4
4
4
2
2
1
8
10
2
3
1
4
2
1
3
2
4
4
14
13
14
15
1
2
16
18
0
2
18
17
1
3
2
2
18
18
32
32
14
13
23
25
32
32
39
37
28
26
9
2
2
2
3
3
1
4
2
0
3
2
4
4
2
2
5
6
13
12
4
4
8
9
3
4
13
14
3
4
3
6
2
2
1
2
7
8
22
22
26
28
25
27
38
38
22
7
9
11
19
24
6
3
4
8
1
3
4
4
4
3
4
3
2
4
6
6
2
4
4
2
13
11
15
13
3
4
2
2
3
2
2
4
4
2
6
2
6
2
4
2
0
3
2
2
4
2
2
2
2
2
4
2
4
4
3
2
2
4
6
7
4
4
16
15
9
10
1
2
4
2
4
4
3
2
14
14
14
12
2
2
1
2
2
4
2
6
4
4
9
10
2
4
2
4
3
1
2
4
2
0
4
1
4
4
0
1
2
2
17
18
19
21
31
33
16
18
9
12
2
2
6
4
2
2
2
2
4
4
2
4
16
18
3
7
3
2
2
1
15
17
30
27
12
13
1
4
10
14
2
4
2
4
2
2
2
2
1
2
2
2
4
4
4
6
1
1
1
2
4
2
14
13
1
2
16
18
2
4
2
2
4
0
4
1
0
0
2
0
2
2
3
2
14
14
1
2
2
3
1
2
12
13
0
2
2
6
1
0
2
2
18
19
4
7
2
2
2
2
0
2
6
4
2
1
21
19
2
2
12
15
12
15
0
3
2
3
12
12
14
15
14
15
23
26
19
22
28
30
42
43
55
55
41
41
37
39
55
54
54
56
38
31
22
22
4
2
1
0
10
6
16
12
3
2
2
2
2
0
0
2
2
2
0
2
0
2
5
5
4
6
1
1
2
0
0
2
2
2
2
0
2
2
18
15
17
13
3
2
4
3
14
11
1
2
2
1
2
3
11
11
16
14
25
26
10
0
17
20
24
27
13
1
2
2
2
2
2
3
2
1
2
2
0
2
8
7
11
11
3
2
2
2
3
2
12
13
23
23
27
30
13
1
1
3
2
1
2
2
2
2
9
14
3
2
4
3
4
2
4
2
8
6
2
1
4
2
6
4
2
2
2
1
1
2
10
11
4
4
2
4
2
2
3
2
4
3
2
2
2
4
13
14
10
10
2
0
17
16
29
27
10
3
8
7
4
6
1
2
4
4
2
2
7
10
2
3
4
1
2
4
2
2
2
2
4
2
7
8
2
4
1
2
3
0
0
3
2
2
3
2
4
2
6
8
2
1
2
2
0
2
4
2
2
2
3
2
2
1
0
2
3
4
0
0
8
8
0
0
2
2
2
2
1
1
14
15
30
28
33
29
13
11
2
3
2
2
2
2
16
16
0
4
1
0
0
2
1
1
3
2
2
2
10
9
5
2
2
0
2
2
4
2
4
2
0
4
0
0
3
3
12
13
12
9
4
3
0
1
2
1
0
0
9
9
2
4
1
2
8
9
16
19
23
24
34
36
41
42
29
33
45
49
35
37
20
18
1
4
2
2
4
2
4
4
13
13
2
1
2
0
3
1
2
4
16
17
28
30
12
0
2
2
10
8
2
3
4
0
2
1
5
5
2
2
2
2
4
4
1
0
4
2
4
2
4
1
8
8
0
1
2
0
2
2
0
0
9
9
2
1
6
4
16
15
15
14
3
2
4
2
6
6
1
4
2
2
3
2
15
15
18
20
17
16
1
4
3
1
1
2
2
4
2
2
10
10
2
1
1
1
4
2
14
12
20
18
12
12
0
2
4
4
9
10
25
26
10
3
10
9
1
2
2
2
2
2
8
8
2
2
2
3
2
0
3
2
14
13
16
15
1
2
1
2
3
4
10
10
2
2
3
2
0
0
3
1
2
1
2
0
10
11
4
3
10
9
3
1
0
1
2
2
2
1
8
9
2
5
8
10
2
2
1
2
17
14
29
25
36
33
25
21
4
2
0
0
2
2
4
4
1
2
4
0
2
2
20
19
4
5
2
2
8
6
2
2
2
2
4
3
2
3
3
2
2
2
2
2
2
2
2
0
2
1
16
16
1
2
2
2
3
2
4
4
2
4
2
2
0
0
2
3
0
2
13
12
2
2
2
1
1
2
2
2
11
11
8
11
2
3
2
2
0
3
1
2
4
0
2
1
2
2
4
2
15
13
0
0
15
15
1
0
2
0
2
3
2
2
1
2
2
1
2
2
9
10
0
1
4
1
11
10
2
0
2
1
18
15
9
7
21
17
35
32
16
12
1
4
2
0
4
4
4
4
2
2
12
9
2
2
1
2
2
2
0
2
4
2
1
0
10
8
15
12
25
23
12
10
1
2
3
2
11
9
23
20
3
2
2
4
2
4
2
2
14
14
1
2
5
5
4
1
0
2
0
2
2
6
1
4
2
0
2
4
4
4
16
15
1
2
13
16
19
20
30
33
35
37
24
25
29
33
15
16
25
27
9
1
0
2
3
2
14
15
11
8
8
7
10
11
12
12
2
2
2
1
0
3
2
0
2
2
7
7
14
13
12
11
18
16
0
2
1
2
0
0
4
0
2
1
2
5
2
2
2
2
4
4
16
16
0
1
0
4
0
2
2
2
2
0
2
0
4
2
11
7
2
2
6
8
1
4
14
14
19
23
30
33
42
47
47
51
54
58
67
71
55
39
45
48
35
38
20
10
2
0
4
4
18
18
31
31
14
0
2
0
1
3
2
2
2
3
9
10
3
2
2
3
2
2
2
1
18
19
2
2
4
2
10
9
15
11
15
12
22
19
18
16
22
20
21
18
12
8
18
14
2
2
15
15
0
2
1
3
12
12
2
2
16
19
2
2
2
2
2
3
2
2
3
2
3
3
14
11
3
2
2
2
2
2
12
11
18
18
1
2
4
5
2
2
2
2
2
1
3
3
2
0
2
0
4
2
18
15
10
11
1
1
3
4
2
2
2
0
12
13
3
5
4
4
0
0
2
2
0
1
0
1
18
18
32
34
29
26
8
2
0
0
1
2
3
0
8
8
1
1
2
1
0
0
4
3
2
2
4
1
7
8
2
0
2
2
3
2
1
2
2
4
4
2
2
4
0
1
2
2
7
9
13
13
0
2
3
2
2
2
2
4
0
2
13
11
17
16
0
0
6
6
2
1
2
2
2
3
9
7
6
5
19
19
19
17
9
8
4
4
18
16
29
30
14
14
14
15
2
2
3
2
13
9
1
3
1
4
9
11
25
27
10
6
4
0
2
2
13
16
13
16
0
1
3
2
8
8
20
18
27
28
36
34
49
49
49
48
30
20
1
2
9
10
3
3
2
2
2
2
4
4
0
2
6
7
2
2
2
0
6
7
2
2
4
0
17
14
30
28
12
9
2
2
0
2
2
2
4
2
2
3
4
0
3
2
6
8
12
11
2
2
2
2
2
2
2
4
12
13
1
2
1
2
12
11
27
27
39
38
49
48
31
14
27
30
16
16
0
4
2
0
2
0
10
8
2
3
14
13
9
6
4
4
4
1
2
1
2
1
4
4
2
0
2
2
0
0
2
0
4
1
1
0
1
1
2
4
2
2
1
2
10
8
24
21
4
3
2
2
2
3
8
6
15
14
6
4
1
3
2
1
4
4
5
6
3
4
1
2
2
2
2
4
0
2
0
3
6
8
14
15
12
12
3
2
4
4
8
8
2
2
4
2
2
1
5
2
8
8
19
18
28
29
13
12
10
8
14
11
2
2
9
11
20
19
2
2
0
2
4
2
2
2
2
2
8
8
3
4
4
2
2
4
3
2
18
14
25
23
12
10
2
3
2
2
0
1
18
15
24
23
9
10
22
21
4
3
2
4
8
11
19
20
4
3
5
5
1
1
2
2
9
9
2
2
15
14
3
1
2
4
2
0
2
4
4
2
2
2
2
2
10
9
3
1
2
0
2
2
3
2
3
2
10
6
3
2
17
17
15
14
3
2
0
4
1
3
3
2
3
2
2
2
3
2
4
2
0
4
3
2
4
2
2
0
3
3
6
7
4
4
17
18
2
2
2
2
15
16
1
2
3
3
2
0
4
2
3
1
1
4
3
5
3
1
6
5
20
17
0
1
2
3
14
15
1
3
13
12
1
0
0
1
3
4
2
3
3
2
3
2
1
3
8
9
2
1
4
3
2
3
3
3
3
2
1
4
4
3
2
3
