4
1
3
2
3
5
4
3
2
2
3
1
8
8
1
3
4
2
4
2
2
3
6
7
2
3
12
14
3
4
3
4
17
16
9
11
22
23
5
1
2
2
2
1
1
3
2
4
3
1
4
3
15
12
26
25
16
15
27
26
8
2
2
2
1
1
0
3
4
2
4
1
12
9
3
2
2
3
2
2
2
2
12
13
2
4
18
20
2
3
4
3
3
2
14
13
23
22
27
27
9
1
1
3
1
2
2
2
2
1
3
2
2
1
1
1
15
15
10
10
2
4
10
11
1
1
1
3
12
12
22
26
36
36
47
48
54
55
37
35
39
41
35
36
45
46
58
60
52
53
47
50
54
55
52
55
45
45
57
59
41
26
24
27
9
3
3
1
9
7
2
2
4
2
2
1
4
1
3
1
4
1
1
1
1
1
1
3
3
3
1
3
10
12
2
1
2
2
2
3
4
2
1
2
0
3
1
2
3
1
3
4
3
2
2
3
2
1
2
2
2
2
2
0
15
13
2
3
1
2
2
3
10
11
2
2
0
1
3
1
2
4
1
3
4
3
1
2
1
1
3
1
1
3
2
2
6
6
3
3
2
2
10
12
1
2
2
3
3
3
2
2
2
2
2
2
16
16
4
4
15
13
21
19
4
6
2
2
8
6
3
3
4
3
0
2
6
8
10
12
3
3
17
15
11
12
2
2
4
3
2
2
2
1
4
2
8
8
2
2
1
4
16
16
0
2
4
3
5
5
9
11
4
3
3
2
1
1
3
1
2
2
3
2
1
2
3
4
2
1
9
9
1
2
2
3
1
2
0
4
15
17
0
0
8
8
1
3
9
9
3
3
1
2
1
4
2
2
2
2
1
3
12
11
2
3
3
2
3
0
0
0
4
0
18
16
17
15
15
13
19
17
5
3
2
1
6
4
0
0
3
2
2
2
2
1
1
2
12
14
18
20
33
34
32
32
33
34
38
38
37
36
34
35
17
19
31
31
13
5
7
9
13
15
3
2
1
2
4
4
8
8
2
2
2
1
1
1
3
3
3
3
3
3
9
11
1
1
3
2
2
4
2
0
15
15
18
17
12
13
2
2
6
6
3
2
10
5
9
6
13
9
14
11
12
8
2
1
1
2
2
3
3
2
3
2
10
8
4
2
12
11
3
2
4
4
7
7
21
21
17
16
14
14
2
0
2
2
2
2
2
2
2
4
2
1
1
0
0
1
2
2
2
3
0
4
1
2
7
7
2
4
10
11
25
25
27
28
12
1
2
0
3
1
18
16
2
3
2
3
7
7
14
13
1
2
2
1
4
1
2
2
2
2
5
6
7
7
2
2
2
3
4
2
3
3
0
1
8
9
2
2
5
5
1
0
1
1
3
3
9
9
2
2
8
9
1
1
2
2
2
1
3
1
3
3
13
13
1
2
2
2
10
12
2
3
3
1
14
12
2
3
16
16
6
8
2
2
3
1
1
1
3
0
7
6
3
3
2
3
7
7
21
20
2
2
0
2
3
3
3
3
2
2
2
2
2
1
3
1
1
1
2
2
1
3
3
3
1
3
2
2
14
16
0
2
10
10
17
16
1
2
3
2
2
2
12
13
7
9
3
4
3
1
15
16
1
3
4
5
2
3
2
1
3
1
3
1
1
3
1
2
6
8
1
2
1
2
3
1
3
2
10
8
2
2
15
16
23
23
36
35
31
30
12
8
4
1
1
4
4
5
2
2
2
2
1
3
3
2
4
4
3
4
4
1
4
1
2
2
1
2
2
2
14
13
2
4
2
2
3
2
6
5
3
2
3
3
17
17
0
0
2
2
2
1
3
2
2
2
1
0
8
7
12
10
5
5
16
15
11
11
3
1
7
5
3
3
1
1
1
1
3
1
2
3
1
3
1
2
3
2
5
4
14
12
4
2
3
3
1
2
2
4
4
2
6
4
14
12
10
10
2
2
3
1
1
3
12
11
11
13
3
2
1
2
2
2
2
1
3
3
2
2
12
14
2
2
2
2
7
10
14
15
23
25
7
3
3
3
4
4
10
9
24
23
19
19
1
2
17
16
28
29
11
3
2
1
1
3
3
1
1
2
6
8
0
2
2
4
3
1
3
0
16
14
2
0
0
2
14
13
18
17
0
2
2
1
2
1
3
2
2
1
2
2
2
1
2
3
2
2
0
1
15
13
3
0
0
0
3
3
1
2
1
3
3
1
3
2
2
2
4
4
2
2
10
13
3
3
15
17
17
17
2
3
5
3
1
3
3
3
1
2
0
0
2
1
0
2
2
2
2
0
2
4
1
2
12
12
21
22
28
28
10
10
9
11
1
1
3
0
2
2
8
10
22
22
5
5
5
3
3
3
8
9
2
2
2
2
12
12
6
6
19
18
7
7
2
2
1
2
8
10
1
3
2
1
12
14
2
3
3
2
0
0
2
1
9
6
3
3
13
13
17
19
1
2
3
1
3
1
3
1
3
1
1
2
14
15
1
2
4
5
15
16
21
21
23
23
23
21
3
2
2
1
9
9
2
1
3
1
4
0
8
4
0
3
4
5
12
13
3
1
2
0
8
6
16
13
6
5
3
3
0
3
1
2
0
1
3
2
2
2
2
3
2
2
1
0
12
12
10
11
12
13
4
5
3
2
8
6
2
1
14
12
3
1
1
2
1
1
12
12
16
16
2
2
2
2
3
2
3
3
3
3
1
2
12
12
19
17
21
19
2
3
1
3
3
5
1
1
5
5
4
2
1
2
2
2
3
2
1
3
2
1
2
1
14
13
18
18
14
16
5
5
2
0
3
3
4
2
12
10
2
1
2
1
2
3
2
1
4
4
4
2
1
1
2
2
3
1
5
5
3
1
1
2
1
1
1
0
2
2
2
1
1
4
2
1
0
2
15
15
3
1
1
2
4
2
2
3
8
10
2
2
2
2
12
12
20
19
9
9
15
15
1
1
1
2
2
2
10
11
3
1
1
3
15
17
0
2
1
3
0
1
3
1
1
1
3
4
3
2
4
2
3
1
4
4
8
9
2
2
2
1
0
2
7
8
14
16
0
2
2
2
12
12
5
8
2
1
4
1
2
2
2
1
1
0
2
1
2
1
1
3
3
2
4
1
1
3
1
3
5
6
13
13
2
2
10
8
2
1
1
3
3
3
2
3
4
2
2
1
1
1
2
2
8
6
1
0
2
2
14
15
27
28
26
27
31
31
13
3
2
2
2
2
4
2
2
2
12
10
8
5
3
1
12
12
10
7
3
1
3
3
13
12
2
2
5
3
6
4
1
1
2
1
1
2
2
4
2
2
3
3
2
2
1
1
1
2
3
4
2
2
8
10
1
2
1
2
12
11
26
24
8
8
20
19
5
4
3
2
1
2
2
1
1
1
9
9
3
1
2
1
2
2
2
2
1
1
9
10
2
3
2
4
2
3
2
3
1
2
1
2
2
1
1
3
0
2
12
12
3
2
3
2
9
9
2
2
2
2
3
1
11
11
12
11
0
1
1
2
2
2
2
1
2
1
3
3
4
4
1
0
2
2
4
0
1
1
2
2
3
2
14
13
1
2
2
3
6
5
21
21
29
31
13
4
7
7
2
2
1
3
1
3
1
1
2
2
2
2
3
2
2
2
4
2
4
3
2
2
2
1
1
4
8
12
14
14
12
14
3
2
2
2
4
1
14
12
19
17
13
10
26
25
33
31
42
40
35
33
17
15
28
26
8
6
2
2
2
2
15
15
0
3
13
16
4
7
2
0
2
3
7
7
3
2
10
11
13
14
2
3
16
14
14
14
2
2
2
1
12
13
12
13
0
3
3
2
13
12
2
2
2
0
6
5
18
18
0
2
3
2
0
1
3
3
0
2
16
16
1
1
2
2
15
15
27
26
11
11
1
2
2
3
2
1
11
9
23
22
23
21
3
1
1
1
1
1
7
8
3
2
3
1
1
1
4
3
0
2
2
1
1
1
1
3
13
16
6
6
12
12
22
22
20
21
4
3
3
2
2
2
0
2
12
12
2
1
13
13
3
1
1
1
1
1
1
1
2
2
4
3
1
1
1
1
5
6
2
2
3
2
3
2
2
3
2
4
2
1
10
7
1
2
2
3
3
3
2
2
12
12
26
23
35
34
17
17
15
14
3
3
2
2
8
8
15
13
11
11
19
19
1
3
3
4
1
1
16
18
15
14
1
1
1
2
3
1
4
2
6
4
1
3
1
2
2
4
2
2
10
11
3
2
0
0
3
3
3
4
2
1
12
10
1
3
3
3
5
5
15
16
2
2
12
10
15
14
13
13
27
25
7
6
6
6
18
18
1
1
3
2
1
1
1
3
1
1
2
2
2
3
3
2
3
2
0
2
4
3
3
3
2
2
4
2
2
2
4
4
2
2
2
2
0
2
4
3
3
2
2
2
15
14
2
2
1
3
1
1
3
3
1
1
2
2
8
10
3
3
1
1
7
7
19
19
28
27
41
41
23
5
3
2
3
3
1
1
3
1
2
2
14
14
0
3
2
2
4
1
11
8
1
2
4
2
2
0
3
2
1
2
8
8
2
0
1
2
2
2
1
3
1
3
2
2
15
17
0
2
4
2
4
2
4
2
8
9
16
14
2
1
1
1
12
11
25
26
14
13
1
2
12
14
3
2
4
3
2
0
2
1
2
1
16
16
0
1
10
10
13
13
2
1
5
3
3
3
13
11
2
1
1
1
2
0
2
3
16
16
12
14
19
19
1
2
6
5
2
1
3
1
1
1
2
4
2
2
12
12
3
3
7
7
3
2
2
2
0
2
3
2
2
2
2
1
3
3
2
2
6
6
2
2
2
2
2
1
1
2
14
12
12
10
11
11
1
1
1
1
2
2
2
3
4
0
3
2
1
1
3
2
3
1
3
2
2
2
10
10
6
7
3
2
3
2
1
1
4
2
14
13
2
2
16
13
3
1
9
8
10
11
25
22
36
35
17
15
3
3
3
3
2
2
11
12
2
2
3
3
1
0
2
1
3
1
1
1
3
1
1
2
3
3
2
2
4
5
3
2
2
1
1
2
2
5
1
2
3
3
2
3
13
12
18
18
28
29
36
35
39
40
38
39
47
46
54
55
47
47
53
54
40
41
23
14
16
14
26
25
22
23
25
25
7
1
1
2
3
1
3
3
17
17
25
25
27
29
19
17
32
32
34
33
29
31
36
36
40
40
47
49
61
61
50
49
46
45
59
59
65
65
72
74
84
85
85
86
68
62
45
36
22
22
12
12
1
4
2
2
3
3
16
14
2
1
9
7
23
20
8
7
2
2
1
1
1
1
7
7
3
2
3
2
1
3
3
2
0
0
2
2
4
2
1
0
2
1
3
3
17
16
4
2
14
12
8
7
2
3
2
2
1
1
1
2
1
3
3
1
6
4
1
2
13
15
3
3
6
6
2
1
3
3
17
17
3
1
3
3
5
5
13
12
16
16
0
2
2
1
1
1
14
14
4
2
14
14
4
6
19
20
27
26
37
37
23
22
18
18
12
10
2
2
9
10
2
2
2
2
4
2
3
1
1
1
1
2
3
4
2
2
2
4
2
2
3
4
7
10
10
10
2
2
1
0
2
2
3
4
3
6
2
3
13
14
14
16
1
1
3
3
6
6
4
4
2
1
1
1
15
14
8
8
4
3
15
15
3
3
11
9
5
5
2
1
3
1
1
1
2
4
2
2
1
1
6
6
1
1
3
3
1
3
2
2
10
8
2
2
0
0
0
2
0
2
2
2
2
3
2
2
2
2
1
3
3
2
1
1
8
7
20
20
2
3
1
2
4
0
3
2
3
2
1
0
1
2
3
1
5
6
12
12
3
2
4
3
2
2
4
2
1
3
11
13
2
2
3
2
2
4
12
14
4
7
3
3
3
2
2
0
8
8
16
16
17
17
27
27
32
31
37
39
21
16
2
2
4
2
3
1
1
2
0
1
12
12
11
9
3
1
2
2
12
11
8
9
2
2
0
0
12
12
12
12
18
18
1
1
2
1
1
1
2
2
2
1
2
2
1
3
3
3
3
2
0
3
2
3
1
2
8
10
2
2
2
2
14
16
0
2
10
11
19
21
29
30
28
31
28
30
12
4
11
12
2
2
2
3
14
16
2
2
10
8
14
13
1
2
12
12
19
19
1
2
4
7
3
3
11
11
5
5
2
3
17
16
4
4
2
1
1
1
1
2
10
10
2
2
12
11
2
2
6
4
3
2
4
4
4
3
3
1
3
4
3
1
2
1
1
2
2
2
1
3
2
2
4
2
2
3
3
3
0
2
7
8
2
2
2
1
1
3
3
1
1
3
1
2
0
1
1
1
2
2
3
1
1
2
0
3
2
0
3
2
3
2
14
14
18
18
28
26
22
20
2
4
0
2
1
2
2
2
10
10
0
0
1
2
3
1
3
2
2
1
12
12
3
2
4
1
0
1
1
3
1
3
11
12
19
23
34
36
36
38
21
17
2
4
2
2
16
18
6
8
16
18
14
15
25
28
34
37
19
4
2
3
1
4
2
2
1
3
3
1
1
1
2
3
2
1
4
1
3
2
1
2
3
4
1
1
2
3
16
17
23
21
21
21
3
2
0
1
3
1
2
2
1
3
2
2
3
3
3
4
15
16
4
4
17
18
0
2
4
3
1
3
10
12
3
2
2
1
3
1
4
3
18
17
31
30
41
41
29
28
32
30
26
26
10
11
2
3
5
3
6
5
3
0
12
8
3
1
2
4
3
2
11
11
3
2
4
3
2
2
3
2
4
3
3
5
4
3
3
2
2
2
12
9
14
12
15
13
0
2
3
3
4
1
10
10
0
3
1
1
3
2
12
11
6
7
2
2
17
15
0
1
10
9
15
14
23
22
4
2
3
2
18
18
20
21
21
21
28
29
37
38
20
2
2
3
11
12
19
20
2
1
3
2
4
4
4
2
2
3
10
11
16
16
1
3
4
3
10
11
7
6
3
2
3
1
2
1
4
3
3
3
0
3
2
2
3
4
1
2
3
2
13
12
14
16
12
12
7
8
10
8
21
21
14
14
2
2
3
3
4
4
2
2
4
1
0
1
2
2
15
14
22
19
5
5
3
4
17
16
13
13
2
2
2
1
4
1
10
9
1
3
6
5
3
1
2
2
10
13
25
27
9
2
1
2
1
3
2
3
2
2
2
1
15
15
4
2
2
2
2
1
2
2
2
2
2
2
