0.11418682260629895
0.11206010518407214
0.08461564686586014
0.07401536522001051
0.09211518721025164
0.09072831827740692
0.0714319057246592
0.1566523376698642
0.10690991503115245
0.0973927385611042
0.026666209941707864
0.11830633817821577
0.17827783596890937
0.03391078582588228
0.056024040254502784
0.073670220389639
0.06076808980090476
0.0028552337935848237
0.19508344541978706
0.18826008224649776
0.030573788837125988
0.07620990890167235
0.1191057089682275
0.06511634249630195
0.019595508180123043
